1	1.0000000e+00	1.0000000e+00	0.0000000e+00
2	1.5000000e+00	1.5000000e+00	0.0000000e+00
3	1.8333334e+00	1.8333334e+00	0.0000000e+00
4	2.0833335e+00	2.0833333e+00	1.1444092e-07
5	2.2833335e+00	2.2833333e+00	1.0441690e-07
6	2.4500003e+00	2.4500000e+00	9.7313702e-08
7	2.5928574e+00	2.5928571e+00	9.1952067e-08
8	2.7178574e+00	2.7178571e+00	8.7723002e-08
9	2.8289685e+00	2.8289683e+00	8.4277573e-08
10	2.9289684e+00	2.9289684e+00	0.0000000e+00
11	3.0198774e+00	3.0198774e+00	0.0000000e+00
12	3.1032107e+00	3.1032109e+00	7.6829643e-08
13	3.1801338e+00	3.1801338e+00	0.0000000e+00
14	3.2515624e+00	3.2515624e+00	0.0000000e+00
15	3.3182290e+00	3.3182292e+00	7.1851147e-08
16	3.3807290e+00	3.3807292e+00	7.0522823e-08
17	3.4395525e+00	3.4395525e+00	0.0000000e+00
18	3.4951081e+00	3.4951081e+00	0.0000000e+00
19	3.5477397e+00	3.5477397e+00	0.0000000e+00
20	3.5977397e+00	3.5977397e+00	0.0000000e+00
21	3.6453588e+00	3.6453588e+00	0.0000000e+00
22	3.6908133e+00	3.6908133e+00	0.0000000e+00
23	3.7342916e+00	3.7342916e+00	0.0000000e+00
24	3.7759583e+00	3.7759583e+00	0.0000000e+00
25	3.8159583e+00	3.8159583e+00	0.0000000e+00
26	3.8544197e+00	3.8544197e+00	0.0000000e+00
27	3.8914568e+00	3.8914568e+00	0.0000000e+00
28	3.9271712e+00	3.9271710e+00	6.0710008e-08
29	3.9616539e+00	3.9616539e+00	0.0000000e+00
30	3.9949872e+00	3.9949872e+00	0.0000000e+00
31	4.0272455e+00	4.0272455e+00	0.0000000e+00
32	4.0584955e+00	4.0584955e+00	0.0000000e+00
33	4.0887985e+00	4.0887985e+00	0.0000000e+00
34	4.1182103e+00	4.1182098e+00	1.1578749e-07
35	4.1467819e+00	4.1467814e+00	1.1498970e-07
36	4.1745596e+00	4.1745596e+00	0.0000000e+00
37	4.2015867e+00	4.2015862e+00	1.1348980e-07
38	4.2279024e+00	4.2279024e+00	0.0000000e+00
39	4.2535434e+00	4.2535429e+00	1.1210353e-07
40	4.2785435e+00	4.2785435e+00	0.0000000e+00
41	4.3029337e+00	4.3029337e+00	0.0000000e+00
42	4.3267431e+00	4.3267431e+00	0.0000000e+00
43	4.3499990e+00	4.3499990e+00	0.0000000e+00
44	4.3727264e+00	4.3727264e+00	0.0000000e+00
45	4.3949485e+00	4.3949485e+00	0.0000000e+00
46	4.4166875e+00	4.4166875e+00	0.0000000e+00
47	4.4379640e+00	4.4379644e+00	1.0744502e-07
48	4.4587975e+00	4.4587975e+00	0.0000000e+00
49	4.4792056e+00	4.4792061e+00	1.0645573e-07
50	4.4992056e+00	4.4992056e+00	0.0000000e+00
51	4.5188136e+00	4.5188136e+00	0.0000000e+00
52	4.5380445e+00	4.5380445e+00	0.0000000e+00
53	4.5569124e+00	4.5569124e+00	0.0000000e+00
54	4.5754309e+00	4.5754309e+00	0.0000000e+00
55	4.5936127e+00	4.5936127e+00	0.0000000e+00
56	4.6114697e+00	4.6114697e+00	0.0000000e+00
57	4.6290135e+00	4.6290140e+00	1.0301052e-07
58	4.6462550e+00	4.6462550e+00	0.0000000e+00
59	4.6632042e+00	4.6632042e+00	0.0000000e+00
60	4.6798711e+00	4.6798706e+00	1.0189110e-07
61	4.6962647e+00	4.6962643e+00	1.0153542e-07
62	4.7123938e+00	4.7123933e+00	1.0118789e-07
63	4.7282667e+00	4.7282662e+00	1.0084820e-07
64	4.7438917e+00	4.7438912e+00	1.0051604e-07
65	4.7592764e+00	4.7592759e+00	1.0019112e-07
66	4.7744279e+00	4.7744274e+00	9.9873162e-08
67	4.7893534e+00	4.7893524e+00	1.9912386e-07
68	4.8040590e+00	4.8040586e+00	9.9257150e-08
69	4.8185520e+00	4.8185511e+00	1.9791723e-07
70	4.8328376e+00	4.8328371e+00	9.8666092e-08
71	4.8469219e+00	4.8469214e+00	9.8379388e-08
72	4.8608108e+00	4.8608103e+00	9.8098283e-08
73	4.8745093e+00	4.8745089e+00	9.7822607e-08
74	4.8880229e+00	4.8880224e+00	9.7552160e-08
75	4.9013562e+00	4.9013557e+00	9.7286787e-08
76	4.9145141e+00	4.9145136e+00	9.7026316e-08
77	4.9275012e+00	4.9275007e+00	9.6770592e-08
78	4.9403219e+00	4.9403210e+00	1.9303894e-07
79	4.9529800e+00	4.9529791e+00	1.9254560e-07
80	4.9654799e+00	4.9654794e+00	9.6030440e-08
81	4.9778256e+00	4.9778252e+00	9.5792267e-08
82	4.9900208e+00	4.9900198e+00	1.9111634e-07
83	5.0020690e+00	5.0020685e+00	9.5327991e-08
84	5.0139737e+00	5.0139732e+00	9.5101655e-08
85	5.0257382e+00	5.0257378e+00	9.4879034e-08
86	5.0373659e+00	5.0373654e+00	9.4660031e-08
87	5.0488601e+00	5.0488596e+00	9.4444530e-08
88	5.0602236e+00	5.0602236e+00	0.0000000e+00
89	5.0714598e+00	5.0714593e+00	9.4023662e-08
90	5.0825710e+00	5.0825701e+00	1.8763623e-07
91	5.0935602e+00	5.0935593e+00	1.8723142e-07
92	5.1044297e+00	5.1044288e+00	1.8683272e-07
93	5.1151824e+00	5.1151814e+00	1.8643998e-07
94	5.1258206e+00	5.1258197e+00	1.8605304e-07
95	5.1363468e+00	5.1363459e+00	1.8567175e-07
96	5.1467633e+00	5.1467628e+00	9.2647973e-08
97	5.1570725e+00	5.1570721e+00	9.2462770e-08
98	5.1672769e+00	5.1672764e+00	9.2280175e-08
99	5.1773777e+00	5.1773772e+00	9.2100137e-08
100	5.1873779e+00	5.1873770e+00	1.8384519e-07
101	5.1972790e+00	5.1972780e+00	1.8349496e-07
102	5.2070827e+00	5.2070818e+00	1.8314948e-07
103	5.2167916e+00	5.2167912e+00	9.1404303e-08
104	5.2264071e+00	5.2264061e+00	1.8247229e-07
105	5.2359309e+00	5.2359300e+00	1.8214038e-07
106	5.2453647e+00	5.2453642e+00	9.0906397e-08
107	5.2547107e+00	5.2547097e+00	1.8148944e-07
108	5.2639699e+00	5.2639689e+00	1.8117021e-07
109	5.2731442e+00	5.2731433e+00	1.8085500e-07
110	5.2822351e+00	5.2822342e+00	1.8054374e-07
111	5.2912440e+00	5.2912436e+00	9.0118164e-08
112	5.3001728e+00	5.3001719e+00	1.7993271e-07
113	5.3090224e+00	5.3090210e+00	2.6944920e-07
114	5.3177943e+00	5.3177929e+00	2.6900474e-07
115	5.3264899e+00	5.3264890e+00	1.7904371e-07
116	5.3351107e+00	5.3351097e+00	1.7875439e-07
117	5.3436575e+00	5.3436565e+00	1.7846850e-07
118	5.3521318e+00	5.3521309e+00	1.7818591e-07
119	5.3605351e+00	5.3605347e+00	8.8953286e-08
120	5.3688684e+00	5.3688679e+00	8.8815213e-08
121	5.3771329e+00	5.3771324e+00	8.8678711e-08
122	5.3853297e+00	5.3853292e+00	8.8543736e-08
123	5.3934598e+00	5.3934593e+00	8.8410260e-08
124	5.4015245e+00	5.4015236e+00	1.7655654e-07
125	5.4095244e+00	5.4095240e+00	8.8147715e-08
126	5.4174609e+00	5.4174604e+00	8.8018574e-08
127	5.4253349e+00	5.4253340e+00	1.7578168e-07
128	5.4331474e+00	5.4331465e+00	1.7552891e-07
129	5.4408994e+00	5.4408989e+00	8.7639407e-08
130	5.4485917e+00	5.4485912e+00	8.7515680e-08
131	5.4562254e+00	5.4562244e+00	1.7478649e-07
132	5.4638014e+00	5.4638004e+00	1.7454414e-07
133	5.4713202e+00	5.4713192e+00	1.7430428e-07
134	5.4787827e+00	5.4787817e+00	1.7406686e-07
135	5.4861898e+00	5.4861894e+00	8.6915911e-08
136	5.4935427e+00	5.4935422e+00	8.6799581e-08
137	5.5008421e+00	5.5008416e+00	8.6684402e-08
138	5.5080886e+00	5.5080881e+00	8.6570360e-08
139	5.5152826e+00	5.5152822e+00	8.6457440e-08
140	5.5224257e+00	5.5224252e+00	8.6345608e-08
141	5.5295177e+00	5.5295172e+00	8.6234863e-08
142	5.5365601e+00	5.5365596e+00	8.6125176e-08
143	5.5435529e+00	5.5435524e+00	8.6016534e-08
144	5.5504975e+00	5.5504971e+00	8.5908908e-08
145	5.5573940e+00	5.5573936e+00	8.5802299e-08
146	5.5642433e+00	5.5642428e+00	8.5696684e-08
147	5.5710459e+00	5.5710459e+00	0.0000000e+00
148	5.5778027e+00	5.5778027e+00	0.0000000e+00
149	5.5845141e+00	5.5845141e+00	0.0000000e+00
150	5.5911808e+00	5.5911808e+00	0.0000000e+00
151	5.5978031e+00	5.5978031e+00	0.0000000e+00
152	5.6043820e+00	5.6043820e+00	0.0000000e+00
153	5.6109180e+00	5.6109180e+00	0.0000000e+00
154	5.6174116e+00	5.6174116e+00	0.0000000e+00
155	5.6238632e+00	5.6238632e+00	0.0000000e+00
156	5.6302733e+00	5.6302733e+00	0.0000000e+00
157	5.6366429e+00	5.6366429e+00	0.0000000e+00
158	5.6429720e+00	5.6429720e+00	0.0000000e+00
159	5.6492615e+00	5.6492615e+00	0.0000000e+00
160	5.6555114e+00	5.6555114e+00	0.0000000e+00
161	5.6617227e+00	5.6617227e+00	0.0000000e+00
162	5.6678953e+00	5.6678953e+00	0.0000000e+00
163	5.6740303e+00	5.6740303e+00	0.0000000e+00
164	5.6801281e+00	5.6801281e+00	0.0000000e+00
165	5.6861887e+00	5.6861887e+00	0.0000000e+00
166	5.6922126e+00	5.6922126e+00	0.0000000e+00
167	5.6982007e+00	5.6982007e+00	0.0000000e+00
168	5.7041531e+00	5.7041531e+00	0.0000000e+00
169	5.7100701e+00	5.7100701e+00	0.0000000e+00
170	5.7159524e+00	5.7159524e+00	0.0000000e+00
171	5.7218003e+00	5.7218003e+00	0.0000000e+00
172	5.7276144e+00	5.7276144e+00	0.0000000e+00
173	5.7333946e+00	5.7333951e+00	8.3168374e-08
174	5.7391419e+00	5.7391419e+00	0.0000000e+00
175	5.7448564e+00	5.7448564e+00	0.0000000e+00
176	5.7505383e+00	5.7505383e+00	0.0000000e+00
177	5.7561879e+00	5.7561879e+00	0.0000000e+00
178	5.7618060e+00	5.7618060e+00	0.0000000e+00
179	5.7673926e+00	5.7673926e+00	0.0000000e+00
180	5.7729483e+00	5.7729483e+00	0.0000000e+00
181	5.7784729e+00	5.7784729e+00	0.0000000e+00
182	5.7839675e+00	5.7839675e+00	0.0000000e+00
183	5.7894320e+00	5.7894320e+00	0.0000000e+00
184	5.7948670e+00	5.7948666e+00	8.2286135e-08
185	5.8002725e+00	5.8002720e+00	8.2209446e-08
186	5.8056488e+00	5.8056483e+00	8.2133319e-08
187	5.8109965e+00	5.8109961e+00	8.2057731e-08
188	5.8163157e+00	5.8163152e+00	8.1982691e-08
189	5.8216066e+00	5.8216062e+00	8.1908176e-08
190	5.8268700e+00	5.8268695e+00	8.1834195e-08
191	5.8321056e+00	5.8321047e+00	1.6352146e-07
192	5.8373141e+00	5.8373132e+00	1.6337556e-07
193	5.8424954e+00	5.8424945e+00	1.6323068e-07
194	5.8476501e+00	5.8476491e+00	1.6308680e-07
195	5.8527784e+00	5.8527775e+00	1.6294389e-07
196	5.8578806e+00	5.8578792e+00	2.4420297e-07
197	5.8629565e+00	5.8629556e+00	1.6266102e-07
198	5.8680072e+00	5.8680062e+00	1.6252102e-07
199	5.8730321e+00	5.8730311e+00	1.6238197e-07
200	5.8780322e+00	5.8780313e+00	1.6224384e-07
201	5.8830075e+00	5.8830066e+00	1.6210662e-07
202	5.8879580e+00	5.8879571e+00	1.6197032e-07
203	5.8928843e+00	5.8928828e+00	2.4275241e-07
204	5.8977861e+00	5.8977852e+00	1.6170041e-07
205	5.9026642e+00	5.9026628e+00	2.4235018e-07
206	5.9075184e+00	5.9075174e+00	1.6143403e-07
207	5.9123492e+00	5.9123483e+00	1.6130213e-07
208	5.9171567e+00	5.9171557e+00	1.6117107e-07
209	5.9219413e+00	5.9219408e+00	8.0520422e-08
210	5.9267030e+00	5.9267030e+00	0.0000000e+00
211	5.9314423e+00	5.9314418e+00	8.0391445e-08
212	5.9361591e+00	5.9361591e+00	0.0000000e+00
213	5.9408541e+00	5.9408536e+00	8.0264080e-08
214	5.9455271e+00	5.9455266e+00	8.0200998e-08
215	5.9501781e+00	5.9501777e+00	8.0138307e-08
216	5.9548078e+00	5.9548078e+00	0.0000000e+00
217	5.9594159e+00	5.9594159e+00	0.0000000e+00
218	5.9640031e+00	5.9640031e+00	0.0000000e+00
219	5.9685693e+00	5.9685693e+00	0.0000000e+00
220	5.9731150e+00	5.9731145e+00	7.9830571e-08
221	5.9776397e+00	5.9776397e+00	0.0000000e+00
222	5.9821444e+00	5.9821439e+00	7.9710077e-08
223	5.9866285e+00	5.9866285e+00	0.0000000e+00
224	5.9910927e+00	5.9910927e+00	0.0000000e+00
225	5.9955373e+00	5.9955373e+00	0.0000000e+00
226	5.9999619e+00	5.9999623e+00	7.9473359e-08
227	6.0043674e+00	6.0043674e+00	0.0000000e+00
228	6.0087533e+00	6.0087533e+00	0.0000000e+00
229	6.0131202e+00	6.0131202e+00	0.0000000e+00
230	6.0174680e+00	6.0174680e+00	0.0000000e+00
231	6.0217972e+00	6.0217967e+00	7.9185199e-08
232	6.0261073e+00	6.0261073e+00	0.0000000e+00
233	6.0303993e+00	6.0303988e+00	7.9072244e-08
234	6.0346727e+00	6.0346723e+00	7.9016246e-08
235	6.0389280e+00	6.0389276e+00	7.8960568e-08
236	6.0431652e+00	6.0431647e+00	7.8905209e-08
237	6.0473847e+00	6.0473847e+00	0.0000000e+00
238	6.0515866e+00	6.0515862e+00	7.8795402e-08
239	6.0557709e+00	6.0557704e+00	7.8740960e-08
240	6.0599375e+00	6.0599370e+00	7.8686817e-08
241	6.0640869e+00	6.0640864e+00	7.8632972e-08
242	6.0682192e+00	6.0682187e+00	7.8579426e-08
243	6.0723343e+00	6.0723338e+00	7.8526178e-08
244	6.0764327e+00	6.0764318e+00	1.5694644e-07
245	6.0805144e+00	6.0805135e+00	1.5684108e-07
246	6.0845795e+00	6.0845785e+00	1.5673631e-07
247	6.0886278e+00	6.0886273e+00	7.8316035e-08
248	6.0926600e+00	6.0926595e+00	7.8264208e-08
249	6.0966759e+00	6.0966754e+00	7.8212651e-08
250	6.1006761e+00	6.1006756e+00	7.8161371e-08
251	6.1046600e+00	6.1046596e+00	7.8110361e-08
252	6.1086283e+00	6.1086278e+00	7.8059621e-08
253	6.1125808e+00	6.1125803e+00	7.8009144e-08
254	6.1165180e+00	6.1165175e+00	7.7958930e-08
255	6.1204395e+00	6.1204391e+00	7.7908979e-08
256	6.1243458e+00	6.1243453e+00	7.7859283e-08
257	6.1282368e+00	6.1282363e+00	7.7809851e-08
258	6.1321125e+00	6.1321125e+00	0.0000000e+00
259	6.1359735e+00	6.1359735e+00	0.0000000e+00
260	6.1398196e+00	6.1398196e+00	0.0000000e+00
261	6.1436510e+00	6.1436510e+00	0.0000000e+00
262	6.1474676e+00	6.1474676e+00	0.0000000e+00
263	6.1512699e+00	6.1512699e+00	0.0000000e+00
264	6.1550579e+00	6.1550574e+00	7.7470787e-08
265	6.1588316e+00	6.1588311e+00	7.7423323e-08
266	6.1625910e+00	6.1625905e+00	7.7376093e-08
267	6.1663365e+00	6.1663361e+00	7.7329091e-08
268	6.1700678e+00	6.1700673e+00	7.7282330e-08
269	6.1737852e+00	6.1737847e+00	7.7235789e-08
270	6.1774888e+00	6.1774883e+00	7.7189490e-08
271	6.1811790e+00	6.1811786e+00	7.7143405e-08
272	6.1848555e+00	6.1848550e+00	7.7097546e-08
273	6.1885185e+00	6.1885180e+00	7.7051915e-08
274	6.1921682e+00	6.1921678e+00	7.7006497e-08
275	6.1958046e+00	6.1958041e+00	7.6961300e-08
276	6.1994276e+00	6.1994271e+00	7.6916329e-08
277	6.2030377e+00	6.2030373e+00	7.6871558e-08
278	6.2066350e+00	6.2066345e+00	7.6827007e-08
279	6.2102194e+00	6.2102184e+00	1.5356534e-07
280	6.2137909e+00	6.2137899e+00	1.5347707e-07
281	6.2173495e+00	6.2173486e+00	1.5338924e-07
282	6.2208958e+00	6.2208948e+00	1.5330180e-07
283	6.2244291e+00	6.2244282e+00	1.5321477e-07
284	6.2279501e+00	6.2279496e+00	7.6564071e-08
285	6.2314587e+00	6.2314582e+00	7.6520962e-08
286	6.2349553e+00	6.2349548e+00	7.6478045e-08
287	6.2384396e+00	6.2384391e+00	7.6435335e-08
288	6.2419119e+00	6.2419114e+00	7.6392809e-08
289	6.2453723e+00	6.2453713e+00	1.5270098e-07
290	6.2488208e+00	6.2488198e+00	1.5261671e-07
291	6.2522573e+00	6.2522564e+00	1.5253282e-07
292	6.2556820e+00	6.2556810e+00	1.5244932e-07
293	6.2590952e+00	6.2590938e+00	2.2854930e-07
294	6.2624965e+00	6.2624950e+00	2.2842517e-07
295	6.2658863e+00	6.2658849e+00	2.2830159e-07
296	6.2692647e+00	6.2692633e+00	2.2817856e-07
297	6.2726316e+00	6.2726302e+00	2.2805608e-07
298	6.2759871e+00	6.2759862e+00	1.5195609e-07
299	6.2793317e+00	6.2793307e+00	1.5187516e-07
300	6.2826653e+00	6.2826643e+00	1.5179457e-07
301	6.2859874e+00	6.2859859e+00	2.2757153e-07
302	6.2892985e+00	6.2892976e+00	1.5163447e-07
303	6.2925987e+00	6.2925978e+00	1.5155494e-07
304	6.2958884e+00	6.2958870e+00	2.2721365e-07
305	6.2991672e+00	6.2991657e+00	2.2709538e-07
306	6.3024349e+00	6.3024340e+00	1.5131842e-07
307	6.3056922e+00	6.3056912e+00	1.5124024e-07
308	6.3089390e+00	6.3089380e+00	1.5116241e-07
309	6.3121753e+00	6.3121738e+00	2.2662739e-07
310	6.3154011e+00	6.3153996e+00	2.2651163e-07
311	6.3186164e+00	6.3186154e+00	1.5093090e-07
312	6.3218217e+00	6.3218203e+00	2.2628159e-07
313	6.3250165e+00	6.3250151e+00	2.2616729e-07
314	6.3282013e+00	6.3281999e+00	2.2605346e-07
315	6.3313761e+00	6.3313742e+00	3.0125349e-07
316	6.3345408e+00	6.3345389e+00	3.0110300e-07
317	6.3376956e+00	6.3376937e+00	3.0095310e-07
318	6.3408403e+00	6.3408384e+00	3.0080386e-07
319	6.3439751e+00	6.3439732e+00	3.0065522e-07
320	6.3471003e+00	6.3470979e+00	3.7563402e-07
321	6.3502154e+00	6.3502135e+00	3.0035977e-07
322	6.3533211e+00	6.3533192e+00	3.0021295e-07
323	6.3564172e+00	6.3564153e+00	3.0006672e-07
324	6.3595037e+00	6.3595014e+00	3.7490136e-07
325	6.3625808e+00	6.3625784e+00	3.7472006e-07
326	6.3656483e+00	6.3656459e+00	3.7453950e-07
327	6.3687062e+00	6.3687043e+00	2.9948771e-07
328	6.3717551e+00	6.3717527e+00	3.7418053e-07
329	6.3747945e+00	6.3747921e+00	3.7400213e-07
330	6.3778248e+00	6.3778224e+00	3.7382443e-07
331	6.3808460e+00	6.3808436e+00	3.7364742e-07
332	6.3838582e+00	6.3838558e+00	3.7347112e-07
333	6.3868613e+00	6.3868589e+00	3.7329551e-07
334	6.3898554e+00	6.3898530e+00	3.7312060e-07
335	6.3928404e+00	6.3928380e+00	3.7294637e-07
336	6.3958168e+00	6.3958139e+00	4.4732741e-07
337	6.3987842e+00	6.3987813e+00	4.4711999e-07
338	6.4017429e+00	6.4017401e+00	4.4691333e-07
339	6.4046926e+00	6.4046898e+00	4.4670750e-07
340	6.4076338e+00	6.4076309e+00	4.4650247e-07
341	6.4105663e+00	6.4105635e+00	4.4629820e-07
342	6.4134903e+00	6.4134874e+00	4.4609473e-07
343	6.4164057e+00	6.4164028e+00	4.4589203e-07
344	6.4193125e+00	6.4193101e+00	3.7140842e-07
345	6.4222112e+00	6.4222088e+00	3.7124079e-07
346	6.4251013e+00	6.4250989e+00	3.7107378e-07
347	6.4279833e+00	6.4279809e+00	3.7090743e-07
348	6.4308567e+00	6.4308543e+00	3.7074170e-07
349	6.4337220e+00	6.4337196e+00	3.7057657e-07
350	6.4365792e+00	6.4365768e+00	3.7041207e-07
351	6.4394283e+00	6.4394255e+00	4.4429785e-07
352	6.4422693e+00	6.4422665e+00	4.4410191e-07
353	6.4451022e+00	6.4450994e+00	4.4390671e-07
354	6.4479270e+00	6.4479241e+00	4.4371225e-07
355	6.4507437e+00	6.4507413e+00	3.6959872e-07
356	6.4535527e+00	6.4535503e+00	3.6943786e-07
357	6.4563537e+00	6.4563513e+00	3.6927759e-07
358	6.4591470e+00	6.4591446e+00	3.6911788e-07
359	6.4619327e+00	6.4619303e+00	3.6895875e-07
360	6.4647102e+00	6.4647079e+00	3.6880024e-07
361	6.4674802e+00	6.4674778e+00	3.6864228e-07
362	6.4702425e+00	6.4702406e+00	2.9478790e-07
363	6.4729972e+00	6.4729953e+00	2.9466244e-07
364	6.4757442e+00	6.4757423e+00	2.9453744e-07
365	6.4784842e+00	6.4784822e+00	2.9441287e-07
366	6.4812164e+00	6.4812145e+00	2.9428875e-07
367	6.4839411e+00	6.4839392e+00	2.9416509e-07
368	6.4866586e+00	6.4866567e+00	2.9404185e-07
369	6.4893684e+00	6.4893665e+00	2.9391907e-07
370	6.4920712e+00	6.4920692e+00	2.9379672e-07
371	6.4947667e+00	6.4947648e+00	2.9367479e-07
372	6.4974551e+00	6.4974527e+00	3.6694161e-07
373	6.5001359e+00	6.5001335e+00	3.6679029e-07
374	6.5028095e+00	6.5028076e+00	2.9331156e-07
375	6.5054760e+00	6.5054741e+00	2.9319133e-07
376	6.5081358e+00	6.5081339e+00	2.9307151e-07
377	6.5107884e+00	6.5107861e+00	3.6619016e-07
378	6.5134339e+00	6.5134315e+00	3.6604143e-07
379	6.5160723e+00	6.5160704e+00	2.9271456e-07
380	6.5187039e+00	6.5187020e+00	2.9259638e-07
381	6.5213284e+00	6.5213265e+00	2.9247863e-07
382	6.5239463e+00	6.5239444e+00	2.9236128e-07
383	6.5265574e+00	6.5265555e+00	2.9224429e-07
384	6.5291615e+00	6.5291595e+00	2.9212774e-07
385	6.5317588e+00	6.5317569e+00	2.9201158e-07
386	6.5343494e+00	6.5343475e+00	2.9189582e-07
387	6.5369334e+00	6.5369315e+00	2.9178042e-07
388	6.5395107e+00	6.5395088e+00	2.9166543e-07
389	6.5420814e+00	6.5420799e+00	2.1866310e-07
390	6.5446453e+00	6.5446439e+00	2.1857744e-07
391	6.5472031e+00	6.5472016e+00	2.1849205e-07
392	6.5497541e+00	6.5497527e+00	2.1840694e-07
393	6.5522985e+00	6.5522971e+00	2.1832213e-07
394	6.5548368e+00	6.5548348e+00	2.9098348e-07
395	6.5573683e+00	6.5573668e+00	2.1815335e-07
396	6.5598936e+00	6.5598922e+00	2.1806936e-07
397	6.5624123e+00	6.5624108e+00	2.1798566e-07
398	6.5649247e+00	6.5649233e+00	2.1790224e-07
399	6.5674310e+00	6.5674295e+00	2.1781908e-07
400	6.5699310e+00	6.5699296e+00	2.1773620e-07
401	6.5724249e+00	6.5724235e+00	2.1765358e-07
402	6.5749125e+00	6.5749111e+00	2.1757123e-07
403	6.5773940e+00	6.5773921e+00	2.8998554e-07
404	6.5798693e+00	6.5798674e+00	2.8987645e-07
405	6.5823383e+00	6.5823364e+00	2.8976771e-07
406	6.5848012e+00	6.5847998e+00	2.1724449e-07
407	6.5872583e+00	6.5872564e+00	2.8955131e-07
408	6.5897093e+00	6.5897079e+00	2.1708269e-07
409	6.5921545e+00	6.5921526e+00	2.8933624e-07
410	6.5945935e+00	6.5945916e+00	2.8922923e-07
411	6.5970268e+00	6.5970244e+00	3.6140321e-07
412	6.5994539e+00	6.5994515e+00	3.6127028e-07
413	6.6018753e+00	6.6018729e+00	3.6113778e-07
414	6.6042910e+00	6.6042886e+00	3.6100570e-07
415	6.6067004e+00	6.6066980e+00	3.6087403e-07
416	6.6091042e+00	6.6091018e+00	3.6074277e-07
417	6.6115022e+00	6.6114998e+00	3.6061195e-07
418	6.6138945e+00	6.6138921e+00	3.6048152e-07
419	6.6162810e+00	6.6162791e+00	2.8828117e-07
420	6.6186619e+00	6.6186595e+00	3.6022186e-07
421	6.6210370e+00	6.6210351e+00	2.8807409e-07
422	6.6234069e+00	6.6234050e+00	2.8797101e-07
423	6.6257710e+00	6.6257691e+00	2.8786826e-07
424	6.6281295e+00	6.6281276e+00	2.8776583e-07
425	6.6304822e+00	6.6304803e+00	2.8766371e-07
426	6.6328297e+00	6.6328278e+00	2.8756190e-07
427	6.6351714e+00	6.6351695e+00	2.8746041e-07
428	6.6375079e+00	6.6375060e+00	2.8735923e-07
429	6.6398387e+00	6.6398368e+00	2.8725836e-07
430	6.6421642e+00	6.6421628e+00	2.1536833e-07
431	6.6444845e+00	6.6444831e+00	2.1529311e-07
432	6.6467996e+00	6.6467977e+00	2.8695752e-07
433	6.6491089e+00	6.6491075e+00	2.1514339e-07
434	6.6514130e+00	6.6514115e+00	2.1506885e-07
435	6.6537118e+00	6.6537099e+00	2.8665943e-07
436	6.6560054e+00	6.6560035e+00	2.8656063e-07
437	6.6582937e+00	6.6582923e+00	2.1484661e-07
438	6.6605768e+00	6.6605754e+00	2.1477295e-07
439	6.6628547e+00	6.6628532e+00	2.1469953e-07
440	6.6651273e+00	6.6651263e+00	1.4308421e-07
441	6.6673946e+00	6.6673932e+00	2.1455334e-07
442	6.6696572e+00	6.6696563e+00	1.4298702e-07
443	6.6719146e+00	6.6719136e+00	1.4293865e-07
444	6.6741667e+00	6.6741657e+00	1.4289041e-07
445	6.6764140e+00	6.6764131e+00	1.4284232e-07
446	6.6786561e+00	6.6786551e+00	1.4279436e-07
447	6.6808934e+00	6.6808925e+00	1.4274654e-07
448	6.6831255e+00	6.6831241e+00	2.1404831e-07
449	6.6853528e+00	6.6853518e+00	1.4265133e-07
450	6.6875749e+00	6.6875739e+00	1.4260392e-07
451	6.6897922e+00	6.6897912e+00	1.4255666e-07
452	6.6920047e+00	6.6920037e+00	1.4250953e-07
453	6.6942120e+00	6.6942110e+00	1.4246254e-07
454	6.6964145e+00	6.6964135e+00	1.4241569e-07
455	6.6986122e+00	6.6986117e+00	7.1184473e-08
456	6.7008052e+00	6.7008042e+00	1.4232236e-07
457	6.7029934e+00	6.7029929e+00	7.1137947e-08
458	6.7051768e+00	6.7051759e+00	1.4222958e-07
459	6.7073555e+00	6.7073550e+00	7.1091684e-08
460	6.7095294e+00	6.7095284e+00	1.4213731e-07
461	6.7116985e+00	6.7116981e+00	7.1045683e-08
462	6.7138629e+00	6.7138619e+00	1.4204556e-07
463	6.7160225e+00	6.7160220e+00	7.0999938e-08
464	6.7181778e+00	6.7181773e+00	7.0977158e-08
465	6.7203283e+00	6.7203279e+00	7.0954449e-08
466	6.7224741e+00	6.7224736e+00	7.0931797e-08
467	6.7246156e+00	6.7246146e+00	1.4181843e-07
468	6.7267523e+00	6.7267518e+00	7.0886685e-08
469	6.7288847e+00	6.7288837e+00	1.4172846e-07
470	6.7310123e+00	6.7310114e+00	1.4168366e-07
471	6.7331357e+00	6.7331347e+00	1.4163898e-07
472	6.7352543e+00	6.7352533e+00	1.4159443e-07
473	6.7373686e+00	6.7373676e+00	1.4154999e-07
474	6.7394781e+00	6.7394772e+00	1.4150568e-07
475	6.7415833e+00	6.7415824e+00	1.4146150e-07
476	6.7436843e+00	6.7436833e+00	1.4141742e-07
477	6.7457809e+00	6.7457795e+00	2.1206021e-07
478	6.7478728e+00	6.7478719e+00	1.4132964e-07
479	6.7499604e+00	6.7499595e+00	1.4128594e-07
480	6.7520437e+00	6.7520428e+00	1.4124234e-07
481	6.7541227e+00	6.7541218e+00	1.4119887e-07
482	6.7561975e+00	6.7561965e+00	1.4115550e-07
483	6.7582679e+00	6.7582669e+00	1.4111225e-07
484	6.7603340e+00	6.7603331e+00	1.4106914e-07
485	6.7623959e+00	6.7623949e+00	1.4102612e-07
486	6.7644534e+00	6.7644525e+00	1.4098322e-07
487	6.7665067e+00	6.7665057e+00	1.4094044e-07
488	6.7685556e+00	6.7685552e+00	7.0448884e-08
489	6.7706008e+00	6.7705998e+00	1.4085522e-07
490	6.7726417e+00	6.7726407e+00	1.4081277e-07
491	6.7746782e+00	6.7746773e+00	1.4077044e-07
492	6.7767110e+00	6.7767100e+00	1.4072822e-07
493	6.7787395e+00	6.7787385e+00	1.4068611e-07
494	6.7807636e+00	6.7807627e+00	1.4064410e-07
495	6.7827840e+00	6.7827826e+00	2.1090334e-07
496	6.7848001e+00	6.7847986e+00	2.1084067e-07
497	6.7868123e+00	6.7868109e+00	2.1077815e-07
498	6.7888203e+00	6.7888188e+00	2.1071581e-07
499	6.7908244e+00	6.7908230e+00	2.1065362e-07
500	6.7928243e+00	6.7928228e+00	2.1059161e-07
501	6.7948203e+00	6.7948189e+00	2.1052975e-07
502	6.7968125e+00	6.7968106e+00	2.8062408e-07
503	6.7988005e+00	6.7987990e+00	2.1040650e-07
504	6.8007846e+00	6.8007832e+00	2.1034511e-07
505	6.8027649e+00	6.8027635e+00	2.1028387e-07
506	6.8047414e+00	6.8047395e+00	2.8029709e-07
507	6.8067136e+00	6.8067122e+00	2.1016189e-07
508	6.8086820e+00	6.8086805e+00	2.1010113e-07
509	6.8106465e+00	6.8106451e+00	2.1004053e-07
510	6.8126073e+00	6.8126059e+00	2.0998007e-07
511	6.8145642e+00	6.8145628e+00	2.0991978e-07
512	6.8165174e+00	6.8165159e+00	2.0985962e-07
513	6.8184667e+00	6.8184652e+00	2.0979962e-07
514	6.8204122e+00	6.8204107e+00	2.0973978e-07
515	6.8223538e+00	6.8223524e+00	2.0968010e-07
516	6.8242917e+00	6.8242908e+00	1.3974703e-07
517	6.8262258e+00	6.8262248e+00	1.3970742e-07
518	6.8281565e+00	6.8281555e+00	1.3966793e-07
519	6.8300834e+00	6.8300824e+00	1.3962853e-07
520	6.8320065e+00	6.8320055e+00	1.3958922e-07
521	6.8339257e+00	6.8339248e+00	1.3955001e-07
522	6.8358417e+00	6.8358407e+00	1.3951090e-07
523	6.8377538e+00	6.8377528e+00	1.3947189e-07
524	6.8396621e+00	6.8396611e+00	1.3943298e-07
525	6.8415670e+00	6.8415656e+00	2.0909124e-07
526	6.8434682e+00	6.8434668e+00	2.0903316e-07
527	6.8453655e+00	6.8453646e+00	1.3931681e-07
528	6.8472595e+00	6.8472586e+00	1.3927827e-07
529	6.8491497e+00	6.8491488e+00	1.3923983e-07
530	6.8510365e+00	6.8510356e+00	1.3920149e-07
531	6.8529196e+00	6.8529191e+00	6.9581610e-08
532	6.8547993e+00	6.8547988e+00	6.9562532e-08
533	6.8566756e+00	6.8566747e+00	1.3908701e-07
534	6.8585482e+00	6.8585472e+00	1.3904902e-07
535	6.8604174e+00	6.8604164e+00	1.3901114e-07
536	6.8622832e+00	6.8622823e+00	1.3897335e-07
537	6.8641453e+00	6.8641443e+00	1.3893565e-07
538	6.8660040e+00	6.8660030e+00	1.3889803e-07
539	6.8678594e+00	6.8678584e+00	1.3886051e-07
540	6.8697114e+00	6.8697104e+00	1.3882307e-07
541	6.8715596e+00	6.8715587e+00	1.3878574e-07
542	6.8734045e+00	6.8734040e+00	6.9374238e-08
543	6.8752460e+00	6.8752456e+00	6.9355657e-08
544	6.8770843e+00	6.8770838e+00	6.9337119e-08
545	6.8789191e+00	6.8789186e+00	6.9318624e-08
546	6.8807507e+00	6.8807502e+00	6.9300171e-08
547	6.8825788e+00	6.8825779e+00	1.3856354e-07
548	6.8844037e+00	6.8844028e+00	1.3852680e-07
549	6.8862252e+00	6.8862243e+00	1.3849017e-07
550	6.8880434e+00	6.8880429e+00	6.9226800e-08
551	6.8898582e+00	6.8898578e+00	6.9208561e-08
552	6.8916698e+00	6.8916693e+00	6.9190371e-08
553	6.8934779e+00	6.8934774e+00	6.9172224e-08
554	6.8952827e+00	6.8952827e+00	0.0000000e+00
555	6.8970847e+00	6.8970842e+00	6.9136050e-08
556	6.8988833e+00	6.8988829e+00	6.9118023e-08
557	6.9006786e+00	6.9006782e+00	6.9100047e-08
558	6.9024706e+00	6.9024706e+00	0.0000000e+00
559	6.9042597e+00	6.9042592e+00	6.9064200e-08
560	6.9060454e+00	6.9060450e+00	6.9046344e-08
561	6.9078279e+00	6.9078274e+00	6.9028530e-08
562	6.9096074e+00	6.9096069e+00	6.9010753e-08
563	6.9113836e+00	6.9113832e+00	6.8993018e-08
564	6.9131565e+00	6.9131560e+00	6.8975318e-08
565	6.9149265e+00	6.9149261e+00	6.8957668e-08
566	6.9166932e+00	6.9166927e+00	6.8940054e-08
567	6.9184570e+00	6.9184566e+00	6.8922475e-08
568	6.9202175e+00	6.9202170e+00	6.8904946e-08
569	6.9219751e+00	6.9219747e+00	6.8887445e-08
570	6.9237294e+00	6.9237289e+00	6.8869994e-08
571	6.9254808e+00	6.9254804e+00	6.8852579e-08
572	6.9272289e+00	6.9272285e+00	6.8835199e-08
573	6.9289742e+00	6.9289737e+00	6.8817862e-08
574	6.9307165e+00	6.9307156e+00	1.3760113e-07
575	6.9324555e+00	6.9324546e+00	1.3756662e-07
576	6.9341917e+00	6.9341908e+00	1.3753217e-07
577	6.9359250e+00	6.9359241e+00	1.3749781e-07
578	6.9376550e+00	6.9376540e+00	1.3746352e-07
579	6.9393821e+00	6.9393811e+00	1.3742931e-07
580	6.9411063e+00	6.9411054e+00	1.3739516e-07
581	6.9428277e+00	6.9428263e+00	2.0604166e-07
582	6.9445457e+00	6.9445448e+00	1.3732712e-07
583	6.9462609e+00	6.9462600e+00	1.3729321e-07
584	6.9479733e+00	6.9479723e+00	1.3725938e-07
585	6.9496827e+00	6.9496818e+00	1.3722561e-07
586	6.9513893e+00	6.9513879e+00	2.0578790e-07
587	6.9530931e+00	6.9530916e+00	2.0573746e-07
588	6.9547939e+00	6.9547920e+00	2.7424954e-07
589	6.9564919e+00	6.9564900e+00	2.7418261e-07
590	6.9581866e+00	6.9581847e+00	2.7411585e-07
591	6.9598784e+00	6.9598770e+00	2.0553689e-07
592	6.9615674e+00	6.9615660e+00	2.0548703e-07
593	6.9632540e+00	6.9632525e+00	2.0543726e-07
594	6.9649377e+00	6.9649358e+00	2.7385013e-07
595	6.9666185e+00	6.9666166e+00	2.7378405e-07
596	6.9682965e+00	6.9682946e+00	2.7371814e-07
597	6.9699717e+00	6.9699697e+00	2.7365235e-07
598	6.9716439e+00	6.9716420e+00	2.7358672e-07
599	6.9733133e+00	6.9733114e+00	2.7352121e-07
600	6.9749799e+00	6.9749780e+00	2.7345587e-07
601	6.9766436e+00	6.9766417e+00	2.7339067e-07
602	6.9783049e+00	6.9783030e+00	2.7332558e-07
603	6.9799633e+00	6.9799614e+00	2.7326064e-07
604	6.9816189e+00	6.9816170e+00	2.7319584e-07
605	6.9832716e+00	6.9832702e+00	2.0484836e-07
606	6.9849219e+00	6.9849200e+00	2.7306663e-07
607	6.9865694e+00	6.9865675e+00	2.7300226e-07
608	6.9882140e+00	6.9882126e+00	2.0470348e-07
609	6.9898562e+00	6.9898543e+00	2.7287388e-07
610	6.9914956e+00	6.9914937e+00	2.7280990e-07
611	6.9931321e+00	6.9931302e+00	2.7274604e-07
612	6.9947662e+00	6.9947643e+00	2.7268234e-07
613	6.9963975e+00	6.9963956e+00	2.7261876e-07
614	6.9980264e+00	6.9980245e+00	2.7255530e-07
615	6.9996524e+00	6.9996505e+00	2.7249197e-07
616	7.0012755e+00	7.0012741e+00	2.0432159e-07
617	7.0028963e+00	7.0028949e+00	2.0427430e-07
618	7.0045142e+00	7.0045128e+00	2.0422712e-07
619	7.0061297e+00	7.0061283e+00	2.0418003e-07
620	7.0077429e+00	7.0077415e+00	2.0413303e-07
621	7.0093532e+00	7.0093517e+00	2.0408613e-07
622	7.0109611e+00	7.0109591e+00	2.7205246e-07
623	7.0125661e+00	7.0125642e+00	2.7199019e-07
624	7.0141687e+00	7.0141668e+00	2.7192803e-07
625	7.0157685e+00	7.0157666e+00	2.7186604e-07
626	7.0173659e+00	7.0173645e+00	2.0385309e-07
627	7.0189610e+00	7.0189590e+00	2.7174238e-07
628	7.0205531e+00	7.0205517e+00	2.0376055e-07
629	7.0221429e+00	7.0221415e+00	2.0371442e-07
630	7.0237303e+00	7.0237284e+00	2.7155787e-07
631	7.0253153e+00	7.0253134e+00	2.7149659e-07
632	7.0268974e+00	7.0268955e+00	2.7143545e-07
633	7.0284772e+00	7.0284753e+00	2.7137446e-07
634	7.0300546e+00	7.0300527e+00	2.7131355e-07
635	7.0316296e+00	7.0316277e+00	2.7125279e-07
636	7.0332017e+00	7.0331998e+00	2.7119216e-07
637	7.0347714e+00	7.0347700e+00	2.0334872e-07
638	7.0363388e+00	7.0363374e+00	2.0330343e-07
639	7.0379038e+00	7.0379024e+00	2.0325821e-07
640	7.0394664e+00	7.0394645e+00	2.7095081e-07
641	7.0410266e+00	7.0410247e+00	2.7089078e-07
642	7.0425844e+00	7.0425820e+00	3.3853860e-07
643	7.0441399e+00	7.0441375e+00	3.3846385e-07
644	7.0456924e+00	7.0456901e+00	3.3838924e-07
645	7.0472426e+00	7.0472407e+00	2.7065184e-07
646	7.0487905e+00	7.0487885e+00	2.7059241e-07
647	7.0503359e+00	7.0503345e+00	2.0289980e-07
648	7.0518789e+00	7.0518775e+00	2.0285540e-07
649	7.0534196e+00	7.0534182e+00	2.0281109e-07
650	7.0549579e+00	7.0549564e+00	2.0276687e-07
651	7.0564938e+00	7.0564928e+00	1.3514848e-07
652	7.0580273e+00	7.0580263e+00	1.3511912e-07
653	7.0595589e+00	7.0595579e+00	1.3508981e-07
654	7.0610881e+00	7.0610871e+00	1.3506055e-07
655	7.0626149e+00	7.0626140e+00	1.3503136e-07
656	7.0641394e+00	7.0641384e+00	1.3500221e-07
657	7.0656614e+00	7.0656605e+00	1.3497313e-07
658	7.0671811e+00	7.0671802e+00	1.3494410e-07
659	7.0686984e+00	7.0686975e+00	1.3491514e-07
660	7.0702138e+00	7.0702128e+00	1.3488622e-07
661	7.0717268e+00	7.0717254e+00	2.0228606e-07
662	7.0732374e+00	7.0732360e+00	2.0224286e-07
663	7.0747457e+00	7.0747442e+00	2.0219974e-07
664	7.0762515e+00	7.0762506e+00	1.3477113e-07
665	7.0777555e+00	7.0777540e+00	2.0211375e-07
666	7.0792570e+00	7.0792556e+00	2.0207089e-07
667	7.0807562e+00	7.0807548e+00	2.0202810e-07
668	7.0822530e+00	7.0822520e+00	1.3465693e-07
669	7.0837479e+00	7.0837464e+00	2.0194278e-07
670	7.0852404e+00	7.0852389e+00	2.0190025e-07
671	7.0867305e+00	7.0867295e+00	1.3457185e-07
672	7.0882187e+00	7.0882177e+00	1.3454360e-07
673	7.0897045e+00	7.0897036e+00	1.3451540e-07
674	7.0911884e+00	7.0911870e+00	2.0173088e-07
675	7.0926700e+00	7.0926685e+00	2.0168875e-07
676	7.0941491e+00	7.0941477e+00	2.0164670e-07
677	7.0956264e+00	7.0956249e+00	2.0160472e-07
678	7.0971012e+00	7.0970998e+00	2.0156283e-07
679	7.0985742e+00	7.0985727e+00	2.0152100e-07
680	7.1000447e+00	7.1000433e+00	2.0147927e-07
681	7.1015134e+00	7.1015115e+00	2.6858348e-07
682	7.1029797e+00	7.1029778e+00	2.6852803e-07
683	7.1044440e+00	7.1044421e+00	2.6847269e-07
684	7.1059060e+00	7.1059041e+00	2.6841744e-07
685	7.1073661e+00	7.1073637e+00	3.3545291e-07
686	7.1088238e+00	7.1088219e+00	2.6830728e-07
687	7.1102796e+00	7.1102772e+00	3.3531546e-07
688	7.1117330e+00	7.1117306e+00	3.3524691e-07
689	7.1131845e+00	7.1131821e+00	3.3517853e-07
690	7.1146336e+00	7.1146317e+00	2.6808817e-07
691	7.1160808e+00	7.1160784e+00	3.3504210e-07
692	7.1175261e+00	7.1175237e+00	3.3497406e-07
693	7.1189690e+00	7.1189666e+00	3.3490616e-07
694	7.1204100e+00	7.1204076e+00	3.3483838e-07
695	7.1218486e+00	7.1218462e+00	3.3477076e-07
696	7.1232853e+00	7.1232834e+00	2.6776257e-07
697	7.1247201e+00	7.1247177e+00	3.3463581e-07
698	7.1261530e+00	7.1261506e+00	3.3456854e-07
699	7.1275835e+00	7.1275811e+00	3.3450138e-07
700	7.1290121e+00	7.1290097e+00	3.3443436e-07
701	7.1304388e+00	7.1304359e+00	4.0124095e-07
702	7.1318631e+00	7.1318607e+00	3.3430067e-07
703	7.1332855e+00	7.1332831e+00	3.3423402e-07
704	7.1347060e+00	7.1347036e+00	3.3416745e-07
705	7.1361246e+00	7.1361222e+00	3.3410103e-07
706	7.1375408e+00	7.1375384e+00	3.3403475e-07
707	7.1389551e+00	7.1389532e+00	2.6717484e-07
708	7.1403675e+00	7.1403656e+00	2.6712198e-07
709	7.1417780e+00	7.1417756e+00	3.3383657e-07
710	7.1431866e+00	7.1431842e+00	3.3377074e-07
711	7.1445932e+00	7.1445909e+00	3.3370500e-07
712	7.1459975e+00	7.1459951e+00	3.3363943e-07
713	7.1473999e+00	7.1473980e+00	2.6685916e-07
714	7.1488004e+00	7.1487985e+00	2.6680689e-07
715	7.1501989e+00	7.1501970e+00	2.6675468e-07
716	7.1515956e+00	7.1515937e+00	2.6670261e-07
717	7.1529903e+00	7.1529884e+00	2.6665060e-07
718	7.1543832e+00	7.1543813e+00	2.6659868e-07
719	7.1557741e+00	7.1557717e+00	3.3318361e-07
720	7.1571631e+00	7.1571608e+00	3.3311895e-07
721	7.1585503e+00	7.1585479e+00	3.3305440e-07
722	7.1599355e+00	7.1599326e+00	3.9958798e-07
723	7.1613188e+00	7.1613159e+00	3.9951078e-07
724	7.1627002e+00	7.1626973e+00	3.9943373e-07
725	7.1640797e+00	7.1640763e+00	4.6591632e-07
726	7.1654572e+00	7.1654539e+00	4.6582676e-07
727	7.1668329e+00	7.1668291e+00	5.3227126e-07
728	7.1682067e+00	7.1682029e+00	5.3216928e-07
729	7.1695786e+00	7.1695747e+00	5.3206742e-07
730	7.1709485e+00	7.1709447e+00	5.3196578e-07
731	7.1723166e+00	7.1723127e+00	5.3186432e-07
732	7.1736827e+00	7.1736789e+00	5.3176302e-07
733	7.1750469e+00	7.1750431e+00	5.3166195e-07
734	7.1764092e+00	7.1764054e+00	5.3156100e-07
735	7.1777697e+00	7.1777658e+00	5.3146027e-07
736	7.1791282e+00	7.1791248e+00	4.6493969e-07
737	7.1804852e+00	7.1804814e+00	5.3125927e-07
738	7.1818404e+00	7.1818366e+00	5.3115900e-07
739	7.1831937e+00	7.1831899e+00	5.3105896e-07
740	7.1845450e+00	7.1845412e+00	5.3095908e-07
741	7.1858945e+00	7.1858907e+00	5.3085932e-07
742	7.1872420e+00	7.1872382e+00	5.3075985e-07
743	7.1885881e+00	7.1885843e+00	5.3066043e-07
744	7.1899323e+00	7.1899281e+00	5.9688142e-07
745	7.1912746e+00	7.1912704e+00	5.9677001e-07
746	7.1926150e+00	7.1926107e+00	5.9665877e-07
747	7.1939535e+00	7.1939497e+00	5.3026463e-07
748	7.1952906e+00	7.1952868e+00	5.3016612e-07
749	7.1966257e+00	7.1966219e+00	5.3006778e-07
750	7.1979589e+00	7.1979551e+00	5.2996955e-07
751	7.1992903e+00	7.1992869e+00	4.6363760e-07
752	7.2006202e+00	7.2006164e+00	5.2977373e-07
753	7.2019482e+00	7.2019444e+00	5.2967602e-07
754	7.2032743e+00	7.2032709e+00	4.6338118e-07
755	7.2045989e+00	7.2045951e+00	5.2948116e-07
756	7.2059216e+00	7.2059178e+00	5.2938395e-07
757	7.2072425e+00	7.2072392e+00	4.6312604e-07
758	7.2085619e+00	7.2085586e+00	4.6304126e-07
759	7.2098794e+00	7.2098761e+00	4.6295665e-07
760	7.2111950e+00	7.2111917e+00	4.6287221e-07
761	7.2125092e+00	7.2125058e+00	4.6278785e-07
762	7.2138214e+00	7.2138181e+00	4.6270367e-07
763	7.2151322e+00	7.2151289e+00	4.6261960e-07
764	7.2164412e+00	7.2164373e+00	5.2861225e-07
765	7.2177482e+00	7.2177448e+00	4.6245194e-07
766	7.2190537e+00	7.2190499e+00	5.2842097e-07
767	7.2203574e+00	7.2203541e+00	4.6228482e-07
768	7.2216597e+00	7.2216558e+00	5.2823026e-07
769	7.2229600e+00	7.2229567e+00	4.6211827e-07
770	7.2242589e+00	7.2242551e+00	5.2804023e-07
771	7.2255559e+00	7.2255521e+00	5.2794542e-07
772	7.2268515e+00	7.2268476e+00	5.2785077e-07
773	7.2281451e+00	7.2281413e+00	5.2775630e-07
774	7.2294369e+00	7.2294331e+00	5.2766200e-07
775	7.2307272e+00	7.2307234e+00	5.2756786e-07
776	7.2320161e+00	7.2320123e+00	5.2747384e-07
777	7.2333031e+00	7.2332993e+00	5.2738000e-07
778	7.2345886e+00	7.2345843e+00	5.9319711e-07
779	7.2358723e+00	7.2358680e+00	5.9309184e-07
780	7.2371545e+00	7.2371502e+00	5.9298679e-07
781	7.2384348e+00	7.2384305e+00	5.9288192e-07
782	7.2397137e+00	7.2397094e+00	5.9277716e-07
783	7.2409906e+00	7.2409868e+00	5.2682009e-07
784	7.2422662e+00	7.2422619e+00	5.9256826e-07
785	7.2435403e+00	7.2435360e+00	5.9246400e-07
786	7.2448125e+00	7.2448082e+00	5.9235998e-07
787	7.2460833e+00	7.2460790e+00	5.9225607e-07
788	7.2473521e+00	7.2473478e+00	5.9215239e-07
789	7.2486196e+00	7.2486153e+00	5.9204888e-07
790	7.2498856e+00	7.2498813e+00	5.9194548e-07
791	7.2511497e+00	7.2511454e+00	5.9184231e-07
792	7.2524123e+00	7.2524085e+00	5.2599040e-07
793	7.2536736e+00	7.2536693e+00	5.9163636e-07
794	7.2549329e+00	7.2549291e+00	5.2580765e-07
795	7.2561908e+00	7.2561865e+00	5.9143110e-07
796	7.2574472e+00	7.2574430e+00	5.9132873e-07
797	7.2587018e+00	7.2586975e+00	5.9122652e-07
798	7.2599549e+00	7.2599506e+00	5.9112449e-07
799	7.2612066e+00	7.2612023e+00	5.9102257e-07
800	7.2624564e+00	7.2624526e+00	5.2526298e-07
801	7.2637048e+00	7.2637010e+00	5.2517265e-07
802	7.2649517e+00	7.2649474e+00	5.9071789e-07
803	7.2661972e+00	7.2661929e+00	5.9061665e-07
804	7.2674408e+00	7.2674365e+00	5.9051558e-07
805	7.2686830e+00	7.2686791e+00	5.2481300e-07
806	7.2699237e+00	7.2699199e+00	5.2472342e-07
807	7.2711630e+00	7.2711587e+00	5.9021329e-07
808	7.2724004e+00	7.2723966e+00	5.2454470e-07
809	7.2736363e+00	7.2736325e+00	5.2445557e-07
810	7.2748709e+00	7.2748671e+00	5.2436661e-07
811	7.2761040e+00	7.2761002e+00	5.2427771e-07
812	7.2773356e+00	7.2773318e+00	5.2418898e-07
813	7.2785659e+00	7.2785621e+00	5.2410041e-07
814	7.2797942e+00	7.2797904e+00	5.2401197e-07
815	7.2810211e+00	7.2810173e+00	5.2392369e-07
816	7.2822466e+00	7.2822428e+00	5.2383552e-07
817	7.2834706e+00	7.2834668e+00	5.2374747e-07
818	7.2846932e+00	7.2846894e+00	5.2365954e-07
819	7.2859144e+00	7.2859106e+00	5.2357177e-07
820	7.2871342e+00	7.2871299e+00	5.8891970e-07
821	7.2883520e+00	7.2883477e+00	5.8882131e-07
822	7.2895684e+00	7.2895646e+00	5.2330932e-07
823	7.2907834e+00	7.2907796e+00	5.2322213e-07
824	7.2919970e+00	7.2919931e+00	5.2313504e-07
825	7.2932091e+00	7.2932053e+00	5.2304813e-07
826	7.2944198e+00	7.2944160e+00	5.2296133e-07
827	7.2956290e+00	7.2956252e+00	5.2287464e-07
828	7.2968369e+00	7.2968330e+00	5.2278807e-07
829	7.2980433e+00	7.2980390e+00	5.8803937e-07
830	7.2992482e+00	7.2992439e+00	5.8794234e-07
831	7.3004518e+00	7.3004475e+00	5.8784542e-07
832	7.3016539e+00	7.3016496e+00	5.8774862e-07
833	7.3028545e+00	7.3028498e+00	6.5294671e-07
834	7.3040538e+00	7.3040490e+00	6.5283950e-07
835	7.3052516e+00	7.3052464e+00	7.1800571e-07
836	7.3064480e+00	7.3064427e+00	7.1788816e-07
837	7.3076429e+00	7.3076372e+00	7.8302270e-07
838	7.3088365e+00	7.3088307e+00	7.8289486e-07
839	7.3100286e+00	7.3100228e+00	7.8276719e-07
840	7.3112192e+00	7.3112135e+00	7.8263969e-07
841	7.3124084e+00	7.3124022e+00	8.4772182e-07
842	7.3135962e+00	7.3135900e+00	8.4758415e-07
843	7.3147826e+00	7.3147764e+00	8.4744670e-07
844	7.3159676e+00	7.3159614e+00	8.4730942e-07
845	7.3171511e+00	7.3171444e+00	9.1233954e-07
846	7.3183331e+00	7.3183265e+00	9.1219221e-07
847	7.3195138e+00	7.3195071e+00	9.1204504e-07
848	7.3206930e+00	7.3206863e+00	9.1189816e-07
849	7.3218708e+00	7.3218641e+00	9.1175144e-07
850	7.3230472e+00	7.3230410e+00	8.4649031e-07
851	7.3242221e+00	7.3242159e+00	8.4635451e-07
852	7.3253956e+00	7.3253899e+00	7.8112510e-07
853	7.3265681e+00	7.3265619e+00	8.4608348e-07
854	7.3277392e+00	7.3277326e+00	9.1102129e-07
855	7.3289089e+00	7.3289022e+00	9.1087588e-07
856	7.3300772e+00	7.3300705e+00	9.1073071e-07
857	7.3312440e+00	7.3312373e+00	9.1058575e-07
858	7.3324094e+00	7.3324032e+00	8.4540949e-07
859	7.3335733e+00	7.3335667e+00	9.1029654e-07
860	7.3347363e+00	7.3347297e+00	9.1015221e-07
861	7.3358979e+00	7.3358912e+00	9.1000805e-07
862	7.3370581e+00	7.3370514e+00	9.0986418e-07
863	7.3382168e+00	7.3382101e+00	9.0972048e-07
864	7.3393741e+00	7.3393674e+00	9.0957707e-07
865	7.3405299e+00	7.3405237e+00	8.4447424e-07
866	7.3416848e+00	7.3416781e+00	9.0929075e-07
867	7.3428383e+00	7.3428316e+00	9.0914796e-07
868	7.3439903e+00	7.3439837e+00	9.0900534e-07
869	7.3451409e+00	7.3451347e+00	8.4394406e-07
870	7.3462906e+00	7.3462839e+00	9.0872072e-07
871	7.3474388e+00	7.3474321e+00	9.0857867e-07
872	7.3485856e+00	7.3485785e+00	9.7332531e-07
873	7.3497310e+00	7.3497238e+00	9.7317366e-07
874	7.3508749e+00	7.3508682e+00	9.0815399e-07
875	7.3520179e+00	7.3520112e+00	9.0801279e-07
876	7.3531594e+00	7.3531528e+00	9.0787182e-07
877	7.3542995e+00	7.3542929e+00	9.0773108e-07
878	7.3554387e+00	7.3554320e+00	9.0759050e-07
879	7.3565764e+00	7.3565693e+00	9.7226803e-07
880	7.3577127e+00	7.3577061e+00	9.0730998e-07
881	7.3588476e+00	7.3588409e+00	9.0717009e-07
882	7.3599815e+00	7.3599749e+00	9.0703031e-07
883	7.3611140e+00	7.3611073e+00	9.0689076e-07
884	7.3622451e+00	7.3622389e+00	8.4198342e-07
885	7.3633752e+00	7.3633685e+00	9.0661229e-07
886	7.3645039e+00	7.3644972e+00	9.0647330e-07
887	7.3656311e+00	7.3656244e+00	9.0633461e-07
888	7.3667574e+00	7.3667507e+00	9.0619602e-07
889	7.3678823e+00	7.3678756e+00	9.0605766e-07
890	7.3690057e+00	7.3689995e+00	8.4121098e-07
891	7.3701282e+00	7.3701220e+00	8.4108285e-07
892	7.3712492e+00	7.3712425e+00	9.0564384e-07
893	7.3723688e+00	7.3723621e+00	9.0550628e-07
894	7.3734875e+00	7.3734808e+00	9.0536889e-07
895	7.3746047e+00	7.3745985e+00	8.4057228e-07
896	7.3757210e+00	7.3757143e+00	9.0509474e-07
897	7.3768358e+00	7.3768291e+00	9.0495797e-07
898	7.3779492e+00	7.3779430e+00	8.4019121e-07
899	7.3790617e+00	7.3790550e+00	9.0468495e-07
900	7.3801727e+00	7.3801661e+00	9.0454876e-07
901	7.3812828e+00	7.3812761e+00	9.0441273e-07
902	7.3823915e+00	7.3823848e+00	9.0427693e-07
903	7.3834987e+00	7.3834920e+00	9.0414130e-07
904	7.3846049e+00	7.3845983e+00	9.0400590e-07
905	7.3857098e+00	7.3857036e+00	8.3930843e-07
906	7.3868136e+00	7.3868074e+00	8.3918297e-07
907	7.3879161e+00	7.3879099e+00	8.3905775e-07
908	7.3890176e+00	7.3890109e+00	9.0346600e-07
909	7.3901176e+00	7.3901114e+00	8.3880781e-07
910	7.3912168e+00	7.3912101e+00	9.0319719e-07
911	7.3923144e+00	7.3923078e+00	9.0306310e-07
912	7.3934112e+00	7.3934045e+00	9.0292912e-07
913	7.3945065e+00	7.3944998e+00	9.0279536e-07
914	7.3956003e+00	7.3955936e+00	9.0266184e-07
915	7.3966932e+00	7.3966866e+00	9.0252848e-07
916	7.3977847e+00	7.3977785e+00	8.3793844e-07
917	7.3988752e+00	7.3988690e+00	8.3781492e-07
918	7.3999643e+00	7.3999581e+00	8.3769163e-07
919	7.4010525e+00	7.4010463e+00	8.3756845e-07
920	7.4021397e+00	7.4021330e+00	9.0186438e-07
921	7.4032254e+00	7.4032187e+00	9.0173211e-07
922	7.4043102e+00	7.4043036e+00	9.0160000e-07
923	7.4053936e+00	7.4053869e+00	9.0146813e-07
924	7.4064760e+00	7.4064693e+00	9.0133636e-07
925	7.4075570e+00	7.4075503e+00	9.0120483e-07
926	7.4086370e+00	7.4086304e+00	9.0107346e-07
927	7.4097157e+00	7.4097090e+00	9.0094227e-07
928	7.4107933e+00	7.4107866e+00	9.0081130e-07
929	7.4118695e+00	7.4118629e+00	9.0068050e-07
930	7.4129448e+00	7.4129381e+00	9.0054982e-07
931	7.4140191e+00	7.4140124e+00	9.0041937e-07
932	7.4150920e+00	7.4150853e+00	9.0028908e-07
933	7.4161639e+00	7.4161572e+00	9.0015891e-07
934	7.4172344e+00	7.4172277e+00	9.0002902e-07
935	7.4183040e+00	7.4182973e+00	8.9989925e-07
936	7.4193726e+00	7.4193654e+00	9.6403892e-07
937	7.4204397e+00	7.4204326e+00	9.6390033e-07
938	7.4215059e+00	7.4214988e+00	9.6376186e-07
939	7.4225707e+00	7.4225640e+00	8.9938197e-07
940	7.4236345e+00	7.4236279e+00	8.9925305e-07
941	7.4246974e+00	7.4246902e+00	9.6334759e-07
942	7.4257588e+00	7.4257522e+00	8.9899584e-07
943	7.4268193e+00	7.4268122e+00	9.6307235e-07
944	7.4278789e+00	7.4278717e+00	9.6293502e-07
945	7.4289370e+00	7.4289298e+00	9.6279780e-07
946	7.4299941e+00	7.4299870e+00	9.6266081e-07
947	7.4310503e+00	7.4310431e+00	9.6252404e-07
948	7.4321051e+00	7.4320979e+00	9.6238739e-07
949	7.4331589e+00	7.4331517e+00	9.6225097e-07
950	7.4342117e+00	7.4342041e+00	1.0262557e-06
951	7.4352632e+00	7.4352555e+00	1.0261106e-06
952	7.4363136e+00	7.4363060e+00	1.0259656e-06
953	7.4373631e+00	7.4373555e+00	1.0258209e-06
954	7.4384112e+00	7.4384036e+00	1.0256763e-06
955	7.4394584e+00	7.4394507e+00	1.0255320e-06
956	7.4405046e+00	7.4404969e+00	1.0253877e-06
957	7.4415493e+00	7.4415417e+00	1.0252438e-06
958	7.4425931e+00	7.4425855e+00	1.0251000e-06
959	7.4436359e+00	7.4436283e+00	1.0249564e-06
960	7.4446778e+00	7.4446697e+00	1.0888639e-06
961	7.4457183e+00	7.4457107e+00	1.0246697e-06
962	7.4467578e+00	7.4467502e+00	1.0245267e-06
963	7.4477963e+00	7.4477887e+00	1.0243839e-06
964	7.4488335e+00	7.4488258e+00	1.0242412e-06
965	7.4498696e+00	7.4498625e+00	9.6009251e-07
966	7.4509048e+00	7.4508977e+00	9.5995915e-07
967	7.4519391e+00	7.4519315e+00	1.0238143e-06
968	7.4529719e+00	7.4529648e+00	9.5969290e-07
969	7.4540038e+00	7.4539967e+00	9.5956000e-07
970	7.4550347e+00	7.4550276e+00	9.5942733e-07
971	7.4560647e+00	7.4560575e+00	9.5929477e-07
972	7.4570937e+00	7.4570866e+00	9.5916243e-07
973	7.4581213e+00	7.4581141e+00	9.5903033e-07
974	7.4591479e+00	7.4591408e+00	9.5889834e-07
975	7.4601736e+00	7.4601665e+00	9.5876646e-07
976	7.4611983e+00	7.4611912e+00	9.5863481e-07
977	7.4622221e+00	7.4622149e+00	9.5850328e-07
978	7.4632444e+00	7.4632373e+00	9.5837197e-07
979	7.4642658e+00	7.4642587e+00	9.5824078e-07
980	7.4652863e+00	7.4652791e+00	9.5810981e-07
981	7.4663057e+00	7.4662986e+00	9.5797907e-07
982	7.4673243e+00	7.4673171e+00	9.5784833e-07
983	7.4683414e+00	7.4683342e+00	9.5771793e-07
984	7.4693575e+00	7.4693503e+00	9.5758764e-07
985	7.4703727e+00	7.4703660e+00	8.9362692e-07
986	7.4713869e+00	7.4713798e+00	9.5732753e-07
987	7.4724002e+00	7.4723930e+00	9.5719770e-07
988	7.4734125e+00	7.4734054e+00	9.5706798e-07
989	7.4744234e+00	7.4744163e+00	9.5693861e-07
990	7.4754333e+00	7.4754267e+00	8.9302199e-07
991	7.4764423e+00	7.4764357e+00	8.9290143e-07
992	7.4774504e+00	7.4774437e+00	8.9278109e-07
993	7.4784575e+00	7.4784508e+00	8.9266086e-07
994	7.4794636e+00	7.4794569e+00	8.9254075e-07
995	7.4804688e+00	7.4804616e+00	9.5616520e-07
996	7.4814730e+00	7.4814658e+00	9.5603684e-07
997	7.4824758e+00	7.4824691e+00	8.9218145e-07
998	7.4834776e+00	7.4834709e+00	8.9206202e-07
999	7.4844785e+00	7.4844718e+00	8.9194270e-07
